131 883
142 34882
143 8279
154 4896
163 20773
180 9968
311 16631
312 74956
331 5676
332 4802
333 37132
341 345
344 199492
351 60172
373 56650
374 4522
390 854
391 24316
401 6169
403 302
412 55992
413 6300
414 461
415 4529
416 54417
421 16608
427 849
428 12189
431 3319
444 1036
446 9956
451 8073
452 18254
455 16000
461 15991
464 879
470 855
473 15051
481 861
481 833
484 5009
490 845
505 603
512 39962
535 903
546 327
547 31035
548 865
571 13281
576 15021
590 19154
590 881
590 877
590 9811
590 831
590 831
590 797
590 234004
590 6371
590 865
340 50634
369 63926
478 11724
481 8332
